
12
BD153	0.0000000000	0.2145718205	0.2454137573	0.2359415342	0.2248807486	0.2815093540	0.2821823970	0.2540280011	0.2563322474	0.2635194997	0.2512020001	0.2505417493
BD154	0.2145718205	0.0000000000	0.2314132133	0.2350071331	0.2292189605	0.2838927530	0.2835643771	0.2446455175	0.2463398998	0.2579999255	0.2482966457	0.2399167330
BD155	0.2454137573	0.2314132133	0.0000000000	0.2419166604	0.2458889627	0.2789144469	0.2616204333	0.2275567740	0.2175679129	0.2540118337	0.2507684432	0.2386128655
BD158	0.2359415342	0.2350071331	0.2419166604	0.0000000000	0.2287924803	0.2820281745	0.2812006113	0.2517741018	0.2496021764	0.2668474888	0.2454902569	0.2403961988
BD159	0.2248807486	0.2292189605	0.2458889627	0.2287924803	0.0000000000	0.2873791994	0.2854072534	0.2536243424	0.2535357982	0.2713795972	0.2516535832	0.2482875815
CW100	0.2815093540	0.2838927530	0.2789144469	0.2820281745	0.2873791994	0.0000000000	0.2530710939	0.2412221172	0.2513602832	0.2971597252	0.2702065301	0.2701141130
CW101	0.2821823970	0.2835643771	0.2616204333	0.2812006113	0.2854072534	0.2530710939	0.0000000000	0.2288243740	0.2477470318	0.2822842408	0.2711346364	0.2679258998
CW102	0.2540280011	0.2446455175	0.2275567740	0.2517741018	0.2536243424	0.2412221172	0.2288243740	0.0000000000	0.2170396310	0.2398527148	0.2402308755	0.2338115018
CW132	0.2563322474	0.2463398998	0.2175679129	0.2496021764	0.2535357982	0.2513602832	0.2477470318	0.2170396310	0.0000000000	0.2559869404	0.2503701272	0.2388912080
MC124	0.2635194997	0.2579999255	0.2540118337	0.2668474888	0.2713795972	0.2971597252	0.2822842408	0.2398527148	0.2559869404	0.0000000000	0.2564247628	0.2440614705
MC125	0.2512020001	0.2482966457	0.2507684432	0.2454902569	0.2516535832	0.2702065301	0.2711346364	0.2402308755	0.2503701272	0.2564247628	0.0000000000	0.2321902817
MC126	0.2505417493	0.2399167330	0.2386128655	0.2403961988	0.2482875815	0.2701141130	0.2679258998	0.2338115018	0.2388912080	0.2440614705	0.2321902817	0.0000000000
